"","Bloque","Tratamiento","Individuo","AlturaTallo","DiamTallo","CobVeg_anc","CobVeg_lar","Rad.prom","Area.cob"
"1","B2",1,236,2,6,19,8,6.75,143.13915
"2","B2",1,231,3,6.7,20,17,9.25,268.80315
"3","B2",1,220,2.5,8.1,21,20,10.25,330.06435
"4","B2",1,224,3,9.7,24,21,11.25,397.60875
"5","B2",1,227,2.8,8,29,21,12.5,490.875
"6","B2",1,223,2.5,9.5,31,21.5,13.125,541.1896875
"7","B2",1,229,4,9.5,24,22.5,11.625,424.5577875
"8","B2",1,219,3,8.2,25,23,12,452.3904
"9","B2",1,232,2.5,10,27,23,12.5,490.875
"10","B2",1,235,3.5,8.6,36,24,15,706.86
"11","B2",1,221,3.7,9.1,35,27,15.5,754.7694
"12","B2",1,228,3,4.1,31,28,14.75,683.49435
"13","B2",1,233,3.5,10.7,33,28,15.25,730.61835
"14","B2",1,257,4,9.9,36,30,16.5,855.3006
"15","B2",1,234,4.2,10.7,31.5,31,15.625,766.9921875
"16","B2",1,238,3.8,10.6,37,31,17,907.9224
"17","B2",1,239,3.3,10.9,32,31.5,15.875,791.7322875
"18","B2",1,222,3.7,8.6,33,32,16.25,829.57875
"19","B2",1,230,4,12.2,40,35,18.75,1104.46875
"20","B2",1,225,3.5,10,38,36,18.5,1075.2126
"21","B2",1,226,3.2,10.1,38,36,18.5,1075.2126
"22","B2",2,307,2.8,4.8,16,12,7,153.9384
"23","B2",2,314,4.3,10.1,32,17,12.25,471.43635
"24","B2",2,300,3,8.6,24,19,10.75,363.05115
"25","B2",2,301,3.3,7.8,22,21,10.75,363.05115
"26","B2",2,315,3,6.9,20,25,11.25,397.60875
"27","B2",2,316,3.7,10.2,38,26,16,804.2496
"28","B2",2,305,4.3,10.6,31,29,15,706.86
"29","B2",2,321,4.3,10.5,34,29,15.75,779.31315
"30","B2",2,317,4,10.2,17,30,11.75,433.73715
"31","B2",2,303,3.2,10.7,31,30,15.25,730.61835
"32","B2",2,304,5,12.7,41,30,17.75,989.80035
"33","B2",2,310,4.2,9.8,42,30,18,1017.8784
"34","B2",2,319,4.5,11.6,44,30,18.5,1075.2126
"35","B2",2,309,4.3,10.3,37,31,17,907.9224
"36","B2",2,308,3.7,10.2,33,32,16.25,829.57875
"37","B2",2,311,4,10.2,33,32,16.25,829.57875
"38","B2",2,318,3.7,12.5,34,34,17,907.9224
"39","B2",2,302,3.5,10.3,39,34.5,18.375,1060.7317875
"40","B2",2,306,3.5,12,41,37,19.5,1194.5934
"41","B2",2,312,5.3,14.6,39,39,19.5,1194.5934
"42","B2",2,320,7,12.8,46,43,22.25,1555.28835
"43","B2",2,313,5.8,13.8,49,47,24,1809.5616
"44","B2",3,277,1,2.5,5,3,2,12.5664
"45","B2",3,266,1.3,2.3,8.5,5.5,3.5,38.4846
"46","B2",3,274,1,2.7,10,8,4.5,63.6174
"47","B2",3,270,2.3,3.6,16.5,11,6.875,148.4896875
"48","B2",3,268,2.5,4.1,18,12,7.5,176.715
"49","B2",3,264,1.5,5.5,18,12,7.5,176.715
"50","B2",3,273,2.2,5.7,13,13,6.5,132.7326
"51","B2",3,278,2.2,4.8,17.5,13,7.625,182.6545875
"52","B2",3,279,2,3.7,19,13.7,8.175,209.9550915
"53","B2",3,272,2,3.7,15,15,7.5,176.715
"54","B2",3,275,3.2,6.3,23,16,9.75,298.64835
"55","B2",3,267,1.5,6,28,20,12,452.3904
"56","B2",3,271,2.5,6.1,28,21,12.25,471.43635
"57","B2",3,265,2,5.8,26,23,12.25,471.43635
"58","B2",4,342,4.9,3.5,19.5,14.5,8.5,226.9806
"59","B2",4,340,3.3,7.5,32,16.5,12.125,461.8642875
"60","B2",4,327,1.7,7.6,18,17.5,8.875,247.4500875
"61","B2",4,328,2.7,9.6,25,18,10.75,363.05115
"62","B2",4,323,2.5,6.3,25,19,11,380.1336
"63","B2",4,338,2.3,9.1,22,21,10.75,363.05115
"64","B2",4,337,3.2,9.7,36,21,14.25,637.94115
"65","B2",4,332,3,7.9,25,22,11.75,433.73715
"66","B2",4,324,2.5,9.4,32,23,13.75,593.95875
"67","B2",4,334,3,11.8,32,24,14,615.7536
"68","B2",4,331,3,9,38,24,15.5,754.7694
"69","B2",4,341,3,6,28,25,13.25,551.54715
"70","B2",4,339,4,9.7,36,25,15.25,730.61835
"71","B2",4,344,3.5,7.7,32,26,14.5,660.5214
"72","B2",4,322,2,9,28,27,13.75,593.95875
"73","B2",4,329,3.3,10.7,34,28,15.5,754.7694
"74","B2",4,326,4.2,9.2,42,28,17.5,962.115
"75","B2",4,335,3.2,8.8,36,29,16.25,829.57875
"76","B2",4,330,3.5,4.9,31.5,31,15.625,766.9921875
"77","B2",4,325,3.8,10.6,33.5,31,16.125,816.8650875
"78","B2",4,333,4,11.8,36,33,17.25,934.82235
"79","B2",4,336,3.5,8.3,36,34,17.5,962.115
"80","B2",4,343,4,11.4,36,36,18,1017.8784
"81","B2",5,365,1,7.7,11,4,3.75,44.17875
"82","B2",5,349,3.5,5.5,27,13,10,314.16
"83","B2",5,364,3.2,9.2,31,19,12.5,490.875
"84","B2",5,363,3.2,9.2,31,19,12.5,490.875
"85","B2",5,352,4,9.4,27,20,11.75,433.73715
"86","B2",5,346,2.7,7.3,28,22,12.5,490.875
"87","B2",5,357,3,9.5,36,22,14.5,660.5214
"88","B2",5,361,3,11.1,38,22,15,706.86
"89","B2",5,345,3,8.4,31,23,13.5,572.5566
"90","B2",5,366,3.2,7.6,26.5,25,12.875,520.7692875
"91","B2",5,347,4.2,9.1,32,26,14.5,660.5214
"92","B2",5,359,3.8,9.5,33,27,15,706.86
"93","B2",5,351,3.5,10.3,30,28,14.5,660.5214
"94","B2",5,353,4,9.4,32,29,15.25,730.61835
"95","B2",5,368,4,9.8,32,30,15.5,754.7694
"96","B2",5,348,2.7,9.2,33,30,15.75,779.31315
"97","B2",5,367,3,9,34,30,16,804.2496
"98","B2",5,362,3.5,11.5,34,32,16.5,855.3006
"99","B2",5,354,3.3,10.6,37,33,17.5,962.115
"100","B2",5,350,3.8,9.8,30,34,16,804.2496
"101","B2",5,360,3.5,9.6,34,34,17,907.9224
"102","B2",5,355,4.5,10.2,40,34,18.5,1075.2126
"103","B2",5,356,4.5,11.5,24,36,15,706.86
"104","B2",5,358,4.5,11.5,40,38,19.5,1194.5934
"105","B2",6,262,3.3,8.3,21,10,7.75,188.69235
"106","B2",6,253,1.5,5.6,18,12,7.5,176.715
"107","B2",6,252,1.7,7.2,21,13.5,8.625,233.7055875
"108","B2",6,245,4,9.4,22,17,9.75,298.64835
"109","B2",6,260,2,9,24,17,10.25,330.06435
"110","B2",6,261,3.8,9.4,24,19,10.75,363.05115
"111","B2",6,258,3.5,7.9,25,19,11,380.1336
"112","B2",6,242,2.2,5.3,13.5,19.5,8.25,213.82515
"113","B2",6,244,2.3,8.8,24.5,20,11.125,388.8220875
"114","B2",6,247,2.8,8.3,24,22,11.5,415.4766
"115","B2",6,257,3,8.8,24,23,11.75,433.73715
"116","B2",6,256,2.8,6.9,25,23,12,452.3904
"117","B2",6,255,3.5,9.3,25,23,12,452.3904
"118","B2",6,254,3,11.3,30,23.5,13.375,562.0027875
"119","B2",6,246,3.8,8.6,24,24,12,452.3904
"120","B2",6,248,3,7.8,32,24,14,615.7536
"121","B2",6,263,4,11.7,25,25,12.5,490.875
"122","B2",6,241,3,9.3,39,25,16,804.2496
"123","B2",6,249,4.2,11.2,35,27,15.5,754.7694
"124","B2",6,243,3.8,7.3,33,29,15.5,754.7694
"125","B2",6,240,3.7,9.5,30,30,15,706.86
"126","B2",6,251,3,9.4,23,32,13.75,593.95875
"127","B2",6,259,3.3,8.5,33,34,16.75,881.41515
"128","B2",7,291,2.5,5.4,25,14,9.75,298.64835
"129","B2",7,289,2.8,11.1,30,21,12.75,510.70635
"130","B2",7,283,3.5,7.6,31,21,13,530.9304
"131","B2",7,290,3.4,8.3,23.5,22,11.375,406.4935875
"132","B2",7,295,4,8.1,29,22,12.75,510.70635
"133","B2",7,298,3,9.1,33.5,22,13.875,604.8070875
"134","B2",7,281,3.2,12.9,27,27,13.5,572.5566
"135","B2",7,286,3,7.6,31,27,14.5,660.5214
"136","B2",7,288,4.2,9.3,35,28,15.75,779.31315
"137","B2",7,285,4.3,12.6,36,30,16.5,855.3006
"138","B2",7,293,4.2,12.9,43,31,18.5,1075.2126
"139","B2",7,297,3.3,11.9,34,32,16.5,855.3006
"140","B2",7,282,3.5,10.8,36,32,17,907.9224
"141","B2",7,296,3.7,8.7,38,32,17.5,962.115
"142","B2",7,299,4,10.2,35,33,17,907.9224
"143","B2",7,284,5.2,11.1,36,33,17.25,934.82235
"144","B2",7,294,4.2,12,38,37,18.75,1104.46875
"145","B2",7,287,4.8,9.7,41,37,19.5,1194.5934
"146","B2",7,292,4.2,10.7,42,42,21,1385.4456
"147","B2",7,280,4.5,11.4,45,42,21.75,1486.17315
"148","B3",1,461,3,6.8,24,18,10.5,346.3614
"149","B3",1,445,4.2,7.9,33,19,13,530.9304
"150","B3",1,466,3.3,8,27,22,12.25,471.43635
"151","B3",1,456,2.5,7.7,23,23,11.5,415.4766
"152","B3",1,449,2.5,8.8,32,23,13.75,593.95875
"153","B3",1,452,3.5,11.1,32,23,13.75,593.95875
"154","B3",1,447,3.7,9.6,25,24,12.25,471.43635
"155","B3",1,463,3.5,11.7,33,28,15.25,730.61835
"156","B3",1,455,4.5,11.4,36,29,16.25,829.57875
"157","B3",1,454,4.5,11.4,36,29,16.25,829.57875
"158","B3",1,462,3.8,11.8,32,30,15.5,754.7694
"159","B3",1,459,4,10.8,33,30,15.75,779.31315
"160","B3",1,448,3.5,8.5,31,31,15.5,754.7694
"161","B3",1,464,2.5,10.2,33,31,16,804.2496
"162","B3",1,451,4.5,10.1,35,32,16.75,881.41515
"163","B3",1,453,2.8,11,35,33,17,907.9224
"164","B3",1,460,4.5,11.2,46,33,19.75,1225.42035
"165","B3",1,457,4.5,12.6,36,34,17.5,962.115
"166","B3",1,450,5,12.2,43,42,21.25,1418.62875
"167","B3",1,450,4.5,10.3,47,42,22.25,1555.28835
"168","B3",1,950,4,11.7,32,45,19.25,1164.15915
"169","B3",2,498,2.5,5.3,19,10,7.25,165.13035
"170","B3",2,487,4.8,12,38,21,14.75,683.49435
"171","B3",2,489,3.5,9.5,33,22,13.75,593.95875
"172","B3",2,494,3.5,9.8,33,24.5,14.375,649.1821875
"173","B3",2,492,5,12.1,35,26,15.25,730.61835
"174","B3",2,503,3,11.2,39,28,16.75,881.41515
"175","B3",2,493,4,12.6,39,29,17,907.9224
"176","B3",2,497,4.2,11.4,42,29,17.75,989.80035
"177","B3",2,496,4.5,11.6,33,31,16,804.2496
"178","B3",2,490,4.7,13.9,36,31,16.75,881.41515
"179","B3",2,501,4,17.3,34,32,16.5,855.3006
"180","B3",2,502,4.5,14.4,47,32,19.75,1225.42035
"181","B3",2,506,4.5,11.1,40,33,18.25,1046.34915
"182","B3",2,505,3,12.4,38,34,18,1017.8784
"183","B3",2,500,3.5,12.2,36,35,17.75,989.80035
"184","B3",2,488,5.5,14.8,28,36,16,804.2496
"185","B3",2,915,3.3,12.2,19,39,14.5,660.5214
"186","B3",2,504,3.3,8.1,44,39,20.75,1352.65515
"187","B3",2,499,6.5,13.3,50,42,23,1661.9064
"188","B3",3,394,2,3.2,15,7.5,5.625,99.4021875
"189","B3",3,397,1,3,12.5,8,5.125,82.5160875
"190","B3",3,398,2.3,5.2,17.5,11.5,7.25,165.13035
"191","B3",3,391,1,3.8,14,12,6.5,132.7326
"192","B3",3,396,1.8,5.1,17,15.5,8.125,207.3946875
"193","B3",3,387,4,4.9,21,18,9.75,298.64835
"194","B3",3,395,2.5,5.2,12.5,19,7.875,194.8282875
"195","B3",3,390,1.8,5.4,24.5,19,10.875,371.5432875
"196","B3",3,388,3,7.4,22,21,10.75,363.05115
"197","B3",3,386,4.3,5.3,20,22,10.5,346.3614
"198","B3",3,389,2,7,24,23,11.75,433.73715
"199","B3",3,392,3.2,7.3,31,23,13.5,572.5566
"200","B3",3,393,2.5,6.7,25,24,12.25,471.43635
"201","B3",3,385,3.5,7.1,32,25,14.25,637.94115
"202","B3",3,384,4,10.3,32,29,15.25,730.61835
"203","B3",4,466,3.8,11.1,20,18,9.5,283.5294
"204","B3",4,481,2.5,7.6,19,19,9.5,283.5294
"205","B3",4,471,3.2,11.1,34,25,14.75,683.49435
"206","B3",4,466,4.2,10.7,43,25,17,907.9224
"207","B3",4,468,3,9.8,39,26,16.25,829.57875
"208","B3",4,467,4,11.2,31,27,14.5,660.5214
"209","B3",4,470,5.5,14.1,41,28,17.25,934.82235
"210","B3",4,483,3.7,10.9,31,31,15.5,754.7694
"211","B3",4,474,4.7,11.9,33,31,16,804.2496
"212","B3",4,486,4.3,10.5,35,31,16.5,855.3006
"213","B3",4,475,4.5,9.5,37,31,17,907.9224
"214","B3",4,478,3,9.8,37,31,17,907.9224
"215","B3",4,472,3.8,14.6,40,31,17.75,989.80035
"216","B3",4,465,4.5,7,35,32,16.75,881.41515
"217","B3",4,469,5.5,11.8,36,32,17,907.9224
"218","B3",4,473,3.7,10.7,36.5,33,17.375,948.4195875
"219","B3",4,470,4.5,14,37,34,17.75,989.80035
"220","B3",4,479,4.5,9.7,38,35,18.25,1046.34915
"221","B3",4,476,3.3,9.6,36,36,18,1017.8784
"222","B3",4,482,4,11.7,38,37,18.75,1104.46875
"223","B3",4,480,4,13.3,44,38,20.5,1320.2574
"224","B3",4,484,4.5,13,39,40,19.75,1225.42035
"225","B3",4,485,4.5,10,39.5,41,20.125,1272.3970875
"226","B3",4,477,4,12.1,41,41,20.5,1320.2574
"227","B3",5,405,4,9.7,34,18,13,530.9304
"228","B3",5,403,3.5,10.7,21,21,10.5,346.3614
"229","B3",5,415,4.8,10.2,30,23,13.25,551.54715
"230","B3",5,401,4.3,11.2,41,27,17,907.9224
"231","B3",5,399,4,13.1,38,28,16.5,855.3006
"232","B3",5,406,4,10.4,32,29,15.25,730.61835
"233","B3",5,419,4,12.3,38,31,17.25,934.82235
"234","B3",5,420,4.2,10.9,42,32,18.5,1075.2126
"235","B3",5,407,5,10.7,43,32,18.75,1104.46875
"236","B3",5,416,4.5,11.1,36,34,17.5,962.115
"237","B3",5,404,4.5,13.6,43,35,19.5,1194.5934
"238","B3",5,411,4.3,11.3,40,36,19,1134.1176
"239","B3",5,402,4.7,11.7,41,37,19.5,1194.5934
"240","B3",5,414,4.3,11.9,38,38,19,1134.1176
"241","B3",5,418,3.3,12.4,39,38,19.25,1164.15915
"242","B3",5,400,4.5,11.3,42,38,20,1256.64
"243","B3",5,417,4.5,12.3,39,39,19.5,1194.5934
"244","B3",5,409,4.2,15.1,40,39,19.75,1225.42035
"245","B3",5,408,4.5,14,40,40,20,1256.64
"246","B3",5,410,4.2,14.4,48,41,22.25,1555.28835
"247","B3",5,413,4.7,14.7,48,41,22.25,1555.28835
"248","B3",5,412,4,13.4,44,42,21.5,1452.2046
"249","B3",6,432,3,9.3,24,16,10,314.16
"250","B3",6,439,4,9.8,23,17,10,314.16
"251","B3",6,429,3,9.7,27,17,11,380.1336
"252","B3",6,434,4,10.4,33,19,13,530.9304
"253","B3",6,421,4,9.2,23,20,10.75,363.05115
"254","B3",6,442,4.2,10.7,28,21,12.25,471.43635
"255","B3",6,427,3,10.3,27,22,12.25,471.43635
"256","B3",6,423,2.5,9.7,28,22,12.5,490.875
"257","B3",6,430,4.2,8.6,29,22,12.75,510.70635
"258","B3",6,426,3.7,8,30,22,13,530.9304
"259","B3",6,433,3,9.2,27,23,12.5,490.875
"260","B3",6,441,3.7,9.8,28,23,12.75,510.70635
"261","B3",6,425,4.7,10.1,28,23,12.75,510.70635
"262","B3",6,427,4,9.5,38,23,15.25,730.61835
"263","B3",6,444,4.3,10.5,26,24,12.5,490.875
"264","B3",6,422,3,10.2,32,25,14.25,637.94115
"265","B3",6,436,4.2,12.3,36,25,15.25,730.61835
"266","B3",6,428,4,11.9,33,26,14.75,683.49435
"267","B3",6,440,4.2,8.6,33,27,15,706.86
"268","B3",6,424,4,9.5,33,28,15.25,730.61835
"269","B3",6,443,4,9,32,30,15.5,754.7694
"270","B3",6,431,4.5,9.6,32,31,15.75,779.31315
"271","B3",6,435,4,10,34,31,16.25,829.57875
"272","B3",6,438,5.2,13,36,35,17.75,989.80035
"273","B3",6,437,4.3,10.3,39,39,19.5,1194.5934
"274","B3",7,370,3.5,8.1,27,17,11,380.1336
"275","B3",7,370,3,8.5,28.5,17,11.375,406.4935875
"276","B3",7,371,3.3,9.1,30,22,13,530.9304
"277","B3",7,383,4.5,11.7,43,22,16.25,829.57875
"278","B3",7,380,3.7,8.4,29,25,13.5,572.5566
"279","B3",7,381,3.5,11.7,32.5,28,15.125,718.6900875
"280","B3",7,372,4.2,11.2,32,29,15.25,730.61835
"281","B3",7,372,5.5,11.5,38,30,17,907.9224
"282","B3",7,376,4.5,10.4,40,32,18,1017.8784
"283","B3",7,369,4,11.7,42,35,19.25,1164.15915
"284","B3",7,377,4,10.8,39,37,19,1134.1176
"285","B3",7,374,5.5,11.3,40,38,19.5,1194.5934
"286","B3",7,373,4,13.7,42,41,20.75,1352.65515
"287","B3",7,378,5,12.1,43,41,21,1385.4456
"288","B3",7,375,4.5,11.4,45,44,22.25,1555.28835
"289","B3",7,379,6,13.1,52,48,25,1963.5
"290","B4",1,644,1.4,3.3,12,8,5,78.54
"291","B4",1,648,2.2,8.9,26.5,9,8.875,247.4500875
"292","B4",1,642,2.1,4.4,13,11.5,6.125,117.8590875
"293","B4",1,637,3,6.3,19,16,8.75,240.52875
"294","B4",1,638,2.8,5.9,21.3,16,9.325,273.1797915
"295","B4",1,640,2,8.3,18,16.5,8.625,233.7055875
"296","B4",1,643,1.7,5.7,20,17,9.25,268.80315
"297","B4",1,633,2.8,7.2,19,18,9.25,268.80315
"298","B4",1,635,2.4,8,20,19.3,9.825,303.2606115
"299","B4",1,641,2.5,7.6,22,21.3,10.825,368.1346515
"300","B4",1,645,1.2,6.8,24.7,22,11.675,428.2177515
"301","B4",1,646,2.5,6.2,25,22,11.75,433.73715
"302","B4",1,639,3.5,10,26,23,12.25,471.43635
"303","B4",1,634,2.5,12.3,28,23.2,12.8,514.719744
"304","B4",1,636,2.4,9.4,28,23.5,12.875,520.7692875
"305","B4",1,647,6.7,2.7,33.5,27,15.125,718.6900875
"306","B4",2,552,3.5,11.6,33.5,26,14.875,695.1280875
"307","B4",2,556,4.5,11.5,33,28,15.25,730.61835
"308","B4",2,550,4.2,9.2,35,28,15.75,779.31315
"309","B4",2,559,3.5,9.7,32,29,15.25,730.61835
"310","B4",2,564,3.7,10.7,35,30,16.25,829.57875
"311","B4",2,546,4.5,11.5,44,30,18.5,1075.2126
"312","B4",2,547,4.8,12.7,35,31,16.5,855.3006
"313","B4",2,548,4.5,8.6,34.5,32,16.625,868.3087875
"314","B4",2,563,4.5,12,38,32,17.5,962.115
"315","B4",2,555,3.7,11.2,33,33,16.5,855.3006
"316","B4",2,553,3.7,10.6,39,33,18,1017.8784
"317","B4",2,562,4.2,12.2,37,34,17.75,989.80035
"318","B4",2,551,4,13,37.5,35,18.125,1032.0646875
"319","B4",2,554,5.5,10.9,38,35,18.25,1046.34915
"320","B4",2,558,5.5,12.5,40,35,18.75,1104.46875
"321","B4",2,561,5,10,40,36,19,1134.1176
"322","B4",2,557,5,11.9,32.5,40,18.125,1032.0646875
"323","B4",2,560,5.5,11.2,47,43,22.5,1590.435
"324","B4",2,549,6.2,13.3,52,45,24.25,1847.45715
"325","B4",3,629,1,3.5,14,7,5.25,86.59035
"326","B4",3,612,3,7.4,22,13,8.75,240.52875
"327","B4",3,631,1.8,4.1,15,14,7.25,165.13035
"328","B4",3,614,2.3,4.6,21.5,15.5,9.25,268.80315
"329","B4",3,628,3.3,5.5,20.5,16,9.125,261.5872875
"330","B4",3,630,1.5,5.3,27,16,10.75,363.05115
"331","B4",3,632,1.8,4,20,17,9.25,268.80315
"332","B4",3,611,2,6,23,17,10,314.16
"333","B4",3,624,2.2,4.8,16.5,18,8.625,233.7055875
"334","B4",3,610,2,5,26,18,11,380.1336
"335","B4",3,623,2.2,4,22,21,10.75,363.05115
"336","B4",3,618,1.7,6,24,21,11.25,397.60875
"337","B4",3,626,2.5,6,29.5,22,12.875,520.7692875
"338","B4",3,619,1.5,7,25,23,12,452.3904
"339","B4",3,627,2.8,7.3,32,23.5,13.875,604.8070875
"340","B4",3,621,2.3,7.5,27,26,13.25,551.54715
"341","B4",3,613,4.2,7.5,27,26,13.25,551.54715
"342","B4",3,617,3.4,7.8,27,26,13.25,551.54715
"343","B4",3,616,2.5,8.4,27,27,13.5,572.5566
"344","B4",3,625,2.7,9.4,25.5,29,13.625,583.2085875
"345","B4",3,620,3.8,6.1,30,29,14.75,683.49435
"346","B4",3,588,4,12,38,32,17.5,962.115
"347","B4",3,622,3.2,8.1,33,33,16.5,855.3006
"348","B4",4,587,2.3,5.1,18,11.5,7.375,170.8735875
"349","B4",4,601,3.5,11.2,36,18,13.5,572.5566
"350","B4",4,596,3.5,9.3,31,24,13.75,593.95875
"351","B4",4,597,3.2,7.6,32,25,14.25,637.94115
"352","B4",4,607,2.3,9.1,41,25,16.5,855.3006
"353","B4",4,591,3.5,8.2,35,28,15.75,779.31315
"354","B4",4,608,2.8,8.7,35,28,15.75,779.31315
"355","B4",4,603,3.5,9.8,33,30,15.75,779.31315
"356","B4",4,590,4,11.8,35,31,16.5,855.3006
"357","B4",4,589,4.5,11.8,35,32,16.75,881.41515
"358","B4",4,593,3,11.3,33,33,16.5,855.3006
"359","B4",4,605,4,10,34.5,33,16.875,894.6196875
"360","B4",4,598,4.5,10.4,37,33,17.5,962.115
"361","B4",4,600,2,9.1,35,34,17.25,934.82235
"362","B4",4,602,5.3,11.6,47,34,20.25,1288.25235
"363","B4",4,609,4.3,12,39.5,35,18.625,1089.7915875
"364","B4",4,595,3.5,11.8,41,35,19,1134.1176
"365","B4",4,594,3,11.8,41,36,19.25,1164.15915
"366","B4",4,592,4,12,40,37,19.25,1164.15915
"367","B4",4,599,4.3,11.5,41,38,19.75,1225.42035
"368","B4",4,606,4,11.8,42,38,20,1256.64
"369","B4",4,604,5,15.2,49,44,23.25,1698.23115
"370","B4",5,576,3,7.6,31.5,21.5,13.25,551.54715
"371","B4",5,575,3.7,7.7,26,23,12.25,471.43635
"372","B4",5,570,4.5,9.2,34.5,25.5,15,706.86
"373","B4",5,566,3.5,7.8,28,27,13.75,593.95875
"374","B4",5,585,5.2,11.2,28,27,13.75,593.95875
"375","B4",5,581,3.2,8.7,30,27,14.25,637.94115
"376","B4",5,568,2.8,7.2,26,28,13.5,572.5566
"377","B4",5,569,3,10.7,29,28,14.25,637.94115
"378","B4",5,565,4,10.4,33,28,15.25,730.61835
"379","B4",5,567,4.7,10.6,35.5,28,15.875,791.7322875
"380","B4",5,583,4.5,10.8,33,29.5,15.625,766.9921875
"381","B4",5,571,3.5,8.4,32,32,16,804.2496
"382","B4",5,584,4.2,9.6,36,33,17.25,934.82235
"383","B4",5,580,4.5,10.9,36,33,17.25,934.82235
"384","B4",5,577,2.5,10.2,35,34,17.25,934.82235
"385","B4",5,573,3.8,8.2,35.5,34,17.375,948.4195875
"386","B4",5,572,3.7,9.5,39,34,18.25,1046.34915
"387","B4",5,586,4.3,10.4,42,38,20,1256.64
"388","B4",5,579,4,11.1,45,39,21,1385.4456
"389","B4",5,574,3.8,10.5,38,40,19.5,1194.5934
"390","B4",5,578,4.8,12.6,36,44,20,1256.64
"391","B4",5,582,2.8,10.9,43,48,22.75,1625.97435
"392","B4",6,535,3.5,9.4,23,20,10.75,363.05115
"393","B4",6,542,3.5,10.8,29,25,13.5,572.5566
"394","B4",6,543,5.5,11.7,32,31,15.75,779.31315
"395","B4",6,529,3.5,12.3,34,31,16.25,829.57875
"396","B4",6,540,4.2,12.5,35,31,16.5,855.3006
"397","B4",6,541,4,14,39,32,17.75,989.80035
"398","B4",6,533,5.2,15.2,49,32,20.25,1288.25235
"399","B4",6,545,4.5,12.1,47,33,20,1256.64
"400","B4",6,538,5.7,15,36,34,17.5,962.115
"401","B4",6,532,5,10.4,36.5,35,17.875,1003.7902875
"402","B4",6,530,5.2,13,40,36,19,1134.1176
"403","B4",6,536,4,10.4,26,37,15.75,779.31315
"404","B4",6,537,5.8,13.4,43,37,20,1256.64
"405","B4",6,528,3.8,11.9,42,41,20.75,1352.65515
"406","B4",6,531,4.5,12.7,43,42,21.25,1418.62875
"407","B4",6,534,6,14.8,52,43,23.75,1772.05875
"408","B4",6,539,5.2,12.9,49,45,23.5,1734.9486
"409","B4",6,544,4.5,13.1,47,46,23.25,1698.23115
"410","B4",7,522,2.5,6.5,22,9.5,7.875,194.8282875
"411","B4",7,526,3.5,9.7,13,13,6.5,132.7326
"412","B4",7,527,3.2,5.1,21,13.5,8.625,233.7055875
"413","B4",7,520,1.5,8.3,31,19,12.5,490.875
"414","B4",7,516,2.8,9.7,29.5,22,12.875,520.7692875
"415","B4",7,521,3.7,9.1,27,23,12.5,490.875
"416","B4",7,514,3.5,11.2,25,24.5,12.375,481.1065875
"417","B4",7,512,3.2,11.4,33,26,14.75,683.49435
"418","B4",7,524,4.5,7.9,35,26,15.25,730.61835
"419","B4",7,525,1,7,27,27,13.5,572.5566
"420","B4",7,508,3,10.7,32,27,14.75,683.49435
"421","B4",7,523,2.5,10.4,31,29,15,706.86
"422","B4",7,518,4.5,10.1,33,31,16,804.2496
"423","B4",7,509,4,8.9,32,32,16,804.2496
"424","B4",7,510,5.5,11.4,47,32,19.75,1225.42035
"425","B4",7,517,4.7,11.7,48,32,20,1256.64
"426","B4",7,513,3.8,10.6,33,33,16.5,855.3006
"427","B4",7,519,3,10.6,37,34,17.75,989.80035
"428","B4",7,511,3.8,9.4,38,35,18.25,1046.34915
"429","B4",7,507,5,4.9,40,35,18.75,1104.46875
"430","B5",1,709,1.3,3.1,7,5,3,28.2744
"431","B5",1,700,2,3,10.5,9.5,5,78.54
"432","B5",1,693,2.2,5.3,17.5,12,7.375,170.8735875
"433","B5",1,704,1.6,4.5,17,14,7.75,188.69235
"434","B5",1,703,3.9,1.7,19,15,8.5,226.9806
"435","B5",1,692,2.7,6,24.5,16,10.125,322.0630875
"436","B5",1,696,3.2,8,19,18,9.25,268.80315
"437","B5",1,701,1.2,10.5,22,18,10,314.16
"438","B5",1,687,2.5,6.4,25,19.5,11.125,388.8220875
"439","B5",1,708,3,6,22,20,10.5,346.3614
"440","B5",1,688,1.7,5.9,23,20,10.75,363.05115
"441","B5",1,707,2,5.8,21,20.5,10.375,338.1637875
"442","B5",1,705,3,8.1,27,21,12,452.3904
"443","B5",1,699,2,6.7,30,21,12.75,510.70635
"444","B5",1,691,3,7.5,24,22,11.5,415.4766
"445","B5",1,689,2.2,6.2,23.5,23.5,11.75,433.73715
"446","B5",1,706,2.3,7.2,26.5,24,12.625,500.7415875
"447","B5",1,695,2,9.3,30,24,13.5,572.5566
"448","B5",1,694,2.8,8.9,29,25,13.5,572.5566
"449","B5",1,690,3.3,7.7,30,25,13.75,593.95875
"450","B5",1,697,2.7,9.2,28,27,13.75,593.95875
"451","B5",1,702,3.2,7.3,28.3,27,13.825,600.4559715
"452","B5",1,698,3.7,12.2,40,38,19.5,1194.5934
"453","B5",2,739,1,4.7,7,5,3,28.2744
"454","B5",2,733,2.3,4.1,11,9,5,78.54
"455","B5",2,744,3.5,5.9,15,10,6.25,122.71875
"456","B5",2,745,1.7,6.4,20,17,9.25,268.80315
"457","B5",2,742,2.5,5.2,17,18,8.75,240.52875
"458","B5",2,734,3.5,11.1,36,22,14.5,660.5214
"459","B5",2,737,3,9.5,28,23,12.75,510.70635
"460","B5",2,740,2,9.8,30,27,14.25,637.94115
"461","B5",2,738,3.2,7,34,32,16.5,855.3006
"462","B5",2,735,3.2,9.8,35,32,16.75,881.41515
"463","B5",2,743,3.5,10.2,45,32,19.25,1164.15915
"464","B5",2,746,1.7,9.5,39,33,18,1017.8784
"465","B5",2,747,4.6,9.1,40,34,18.5,1075.2126
"466","B5",2,741,4.3,13.8,44,44,22,1520.5344
"467","B5",3,725,2,4.7,19.5,1,5.125,82.5160875
"468","B5",3,713,1.5,3,5,6,2.75,23.75835
"469","B5",3,722,2,2.8,9,8,4.25,56.74515
"470","B5",3,723,2.2,3.2,12.5,8,5.125,82.5160875
"471","B5",3,728,1.2,2.9,13,9,5.5,95.0334
"472","B5",3,716,1,4.3,9,9.7,4.675,68.6616315
"473","B5",3,710,2,3.2,10,10,5,78.54
"474","B5",3,714,8.7,2.8,12,11,5.75,103.86915
"475","B5",3,711,3.3,6.3,26,11,9.25,268.80315
"476","B5",3,718,2,4.4,17,12,7.25,165.13035
"477","B5",3,732,3.3,3.5,17,13,7.5,176.715
"478","B5",3,731,2.5,3.7,16,14,7.5,176.715
"479","B5",3,712,3,3.6,20,15,8.75,240.52875
"480","B5",3,720,2.3,5.3,24,16,10,314.16
"481","B5",3,717,1.7,7.4,14,16.5,7.625,182.6545875
"482","B5",3,719,2.5,4.9,18,17,8.75,240.52875
"483","B5",3,715,2.5,6.4,24,18,10.5,346.3614
"484","B5",3,729,6.5,7.1,24,18,10.5,346.3614
"485","B5",3,721,2,5.1,18,20,9.5,283.5294
"486","B5",3,727,3,6.1,24.5,21,11.375,406.4935875
"487","B5",3,730,2.9,7,29,22,12.75,510.70635
"488","B5",3,726,3.2,5.4,29,24.5,13.375,562.0027875
"489","B5",4,785,2.5,7.8,22,17,9.75,298.64835
"490","B5",4,782,2.2,9.9,27,19,11.5,415.4766
"491","B5",4,770,11.7,6.4,28,22,12.5,490.875
"492","B5",4,780,3.5,8.8,27,23,12.5,490.875
"493","B5",4,764,3,6.6,28,23.5,12.875,520.7692875
"494","B5",4,781,3,6.4,25,24,12.25,471.43635
"495","B5",4,766,2.3,7.8,25,24,12.25,471.43635
"496","B5",4,784,2.5,7.4,26,24,12.5,490.875
"497","B5",4,771,3.2,6.6,28,24,13,530.9304
"498","B5",4,779,2,6.9,28,24,13,530.9304
"499","B5",4,783,3,7.6,34,24,14.5,660.5214
"500","B5",4,712,3.1,8.3,27,26,13.25,551.54715
"501","B5",4,768,3.5,9.5,28,27,13.75,593.95875
"502","B5",4,778,3,10.7,38,27,16.25,829.57875
"503","B5",4,773,3.2,8.5,35,30,16.25,829.57875
"504","B5",4,769,4,9.7,36,30,16.5,855.3006
"505","B5",4,776,3,9.2,35,32,16.75,881.41515
"506","B5",4,774,3,9,36,32,17,907.9224
"507","B5",4,775,3.5,9.5,39,33,18,1017.8784
"508","B5",4,765,3.5,9.6,39,34,18.25,1046.34915
"509","B5",4,767,3.2,7.9,36,35,17.75,989.80035
"510","B5",4,777,2,10.1,29,32,15.25,730.61835
"511","B5",5,686,2.2,4.1,12,11,5.75,103.86915
"512","B5",5,685,2.7,11.2,41,15,14,615.7536
"513","B5",5,668,2.4,6.2,20,19.5,9.875,306.3550875
"514","B5",5,675,3.3,7.6,32,23,13.75,593.95875
"515","B5",5,684,2,9.2,34,27,15.25,730.61835
"516","B5",5,672,2.7,9.3,32,28,15,706.86
"517","B5",5,679,4.3,11.8,33,32,16.25,829.57875
"518","B5",5,681,4,10.3,34,33,16.75,881.41515
"519","B5",5,676,3.5,8.9,35,34,17.25,934.82235
"520","B5",5,674,3.5,14.2,37,34,17.75,989.80035
"521","B5",5,671,4.3,7.2,36,35,17.75,989.80035
"522","B5",5,673,3.4,10,36,35,17.75,989.80035
"523","B5",5,667,6,10.8,43,37,20,1256.64
"524","B5",5,670,4.9,12,42,39,20.25,1288.25235
"525","B5",5,675,3.3,11.7,47,39,21.5,1452.2046
"526","B5",5,669,4.7,13.2,38,40,19.5,1194.5934
"527","B5",5,682,3.8,10.6,42,41,20.75,1352.65515
"528","B5",5,680,5.2,11.4,43,42,21.25,1418.62875
"529","B5",5,683,4.5,14.7,43,42,21.25,1418.62875
"530","B5",5,678,5,13.2,43,42.5,21.375,1435.3675875
"531","B5",6,650,2.9,11.1,45,7,13,530.9304
"532","B5",6,656,2.5,4.3,10.5,10,5.125,82.5160875
"533","B5",6,649,3,8.4,28,23,12.75,510.70635
"534","B5",6,666,3.3,9.4,41,25,16.5,855.3006
"535","B5",6,658,3.5,9.2,33,28,15.25,730.61835
"536","B5",6,655,3.5,9.3,30,29,14.75,683.49435
"537","B5",6,651,2.3,12.4,33,29,15.5,754.7694
"538","B5",6,664,3.5,10,32,31,15.75,779.31315
"539","B5",6,653,11.8,3.2,36.5,32,17.125,921.3232875
"540","B5",6,652,4.5,9.8,42,33,18.75,1104.46875
"541","B5",6,662,4.9,16.4,37,35,18,1017.8784
"542","B5",6,660,4,10.6,38,35,18.25,1046.34915
"543","B5",6,661,3.8,8.9,37,36,18.25,1046.34915
"544","B5",6,659,3.2,9.9,39,36,18.75,1104.46875
"545","B5",6,665,5.3,10.8,38,36.5,18.625,1089.7915875
"546","B5",6,657,4.6,11.3,39,38,19.25,1164.15915
"547","B5",6,663,4.4,12.8,49,39,22,1520.5344
"548","B5",6,654,4,9.2,35.3,40,18.825,1113.3221715
"549","B5",7,755,1.1,2.6,9,7.5,4.125,53.4562875
"550","B5",7,760,2.7,3.5,18,15,8.25,213.82515
"551","B5",7,763,2.5,5,19.6,18,9.4,277.591776
"552","B5",7,762,5.3,4.3,31,23,13.5,572.5566
"553","B5",7,758,2.7,7.95,34,24,14.5,660.5214
"554","B5",7,748,2.3,7.5,29,25,13.5,572.5566
"555","B5",7,750,2.1,8.6,29,27,14,615.7536
"556","B5",7,761,2.7,6.6,32,27,14.75,683.49435
"557","B5",7,752,3,9.9,36,32,17,907.9224
"558","B5",7,754,5,13.7,40,32,18,1017.8784
"559","B5",7,749,4.5,8,37,33,17.5,962.115
"560","B5",7,753,2.8,9.7,39,38,19.25,1164.15915
"561","B5",7,757,4.7,9.6,40,39,19.75,1225.42035
"562","B5",7,759,3.7,8.5,44,40,21,1385.4456
"563","B5",7,751,3.5,11.1,42,42,21,1385.4456
"564","B5",7,756,4.7,13.7,47,44,22.75,1625.97435
